{
    "length": 170.33333333333334,
    "str_em": 0,
    "str_hit": 0,
    "rougeLsum": 15.539026050573646,
    "citation_rec": 53.96825396825397,
    "citation_prec": 50.55555555555556,
    "citation_f1": 52.206192525099134
}