{
    "length": 163.66666666666666,
    "str_em": 0,
    "str_hit": 0,
    "rougeLsum": 15.442278860569717,
    "citation_rec": 37.03703703703704,
    "citation_prec": 19.55128205128205,
    "citation_f1": 25.592615900985944
}