{
    "length": 163.66666666666666,
    "str_em": 0,
    "str_hit": 0,
    "rougeLsum": 15.442278860569717,
    "citation_rec": 30.555555555555554,
    "citation_prec": 33.33333333333333,
    "citation_f1": 31.88405797101449
}